8441	1452660587	0	prov_id=811/op_time=20160106	8605	162
8442	1452660621	0	prov_id=811/op_time=20160107	8606	162
8443	1452660699	0	prov_id=814/op_time=20160106	8607	162
8444	1452660701	0	prov_id=814/op_time=20160107	8608	162
8445	1452660828	0	prov_id=811/op_time=20160106	8609	161
8446	1452660828	0	prov_id=811/op_time=20160107	8610	161
8447	1452660828	0	prov_id=814/op_time=20160106	8611	161
8448	1452660831	0	prov_id=814/op_time=20160107	8612	161
8453	1452738963	0	prov_id=811/op_time=20160106	8740	170
8454	1452738963	0	prov_id=811/op_time=20160107	8741	170
